0
-0.0033769
-0.037261
-0.0150972
-0.0485995
-0.0470091
-0.022919
-0.0213487
-0.0374969
-0.0223453
-0.0154918
0.0521949
0.0643672
0.0970556
0.122193
0.118483
0.10817
0.0867906
0.128542
0.0992742
0.0151275
-0.00884686
-0.0248496
-0.0880688
-0.0858903
-0.113598
-0.113398
-0.118622
-0.139486
-0.14117
-0.113381
-0.100846
-0.123939
-0.0789651
-0.0529055
-0.062963
-0.0411389
-0.00229784
-0.000345243
-0.00888094
0.0280034
-0.0131113
-0.0167607
-0.0311536
-0.0283509
0.0250765
0.0252025
0.0128258
0.00332112
-0.0153966
-0.0653784
-0.0960671
-0.0702641
-0.034766
-0.0761625
-0.106321
-0.0560787
-0.0505117
-0.0550909
-0.00969826
-0.0722511
-0.053724
-0.0536269
-0.0367778
-0.0741233
-0.0382398
-0.0200895
-0.0649869
-0.0680348
-0.0377159
-0.0441111
-0.0567934
-0.0893963
-0.0930732
-0.127296
-0.10307
-0.105073
-0.101436
-0.102945
-0.101746
-0.0650384
-0.069472
-0.0269234
0.00844232
0.0231605
0.0278062
0.0301188
0.0345761
-0.0235646
0.00826934
0.00158764
0.0314771
0.0632545
0.0401976
0.0419776
0.105804
0.102306
0.127197
0.0371917
0.0801696
0.0721913
0.0569416
0.0443255
0.0264051
0.077548
0.106874
0.122758
0.0838398
0.101973
0.119788
0.115788
0.0868635
0.0559653
0.0341062
0.0635671
0.0518472
0.090321
0.0793904
0.0691053
0.0552898
0.0470398
0.0853398
0.103028
0.125441
0.167583
0.11552
0.144229
0.146755
0.114554
0.167294
0.190287
0.195525
0.191087
0.132311
0.150866
0.229289
0.254804
0.193231
0.160576
0.0933942
0.0618021
0.0572988
0.0492966
0.0868436
0.11584
0.180658
0.165111
0.131462
0.142037
0.15216
0.0852572
0.0807543
0.119078
0.169076
0.156852
0.190546
0.216544
0.224575
0.237555
0.23801
0.231263
0.184981
0.19244
0.238402
0.266301
0.240272
0.19554
0.175272
0.165713
0.150308
0.124353
0.195729
0.117084
0.125459
0.117367
0.0605654
0.087297
0.0873309
0.072184
0.0806686
0.134365
0.128835
0.122077
0.0924276
0.101944
0.0866462
0.037159
0.0453348
0.0575784
0.12066
0.102763
0.110473
0.0653542
0.0574055
0.0180801
0.0467925
0.0629662
0.0395038
0.0656749
0.0899952
0.116192
0.112762
0.114584
0.135424
0.0983611
0.0574432
0.0379305
0.0285353
0.0193297
0.0325594
0.0376071
0.0332998
0.0349306
0.0321757
0.0342044
0.0110774
0.0125837
-0.00975318
0.00761844
-0.000471479
-0.0257059
0.00013281
-0.0563839
-0.0305726
0.00259933
-0.00268269
0.0159747
-0.0334532
-0.0415683
-0.0940811
-0.113274
-0.108091
-0.154688
-0.140807
-0.117442
-0.141082
-0.211088
-0.243271
-0.225189
-0.27612
-0.239388
-0.198535
-0.196659
-0.160475
-0.205715
-0.253011
-0.24891
-0.239929
-0.255491
-0.277452
-0.32119
-0.325966
-0.374551
-0.371001
-0.383476
-0.368928
-0.431491
-0.41698
-0.41879
-0.399088
-0.392082
-0.381752
-0.340179
-0.36171
-0.369486
-0.33064
-0.296414
-0.312857
-0.346532
-0.357601
-0.372136
-0.383323
-0.380184
-0.383073
-0.379759
-0.38275
-0.357786
-0.345642
-0.308132
-0.346624
-0.343482
-0.309342
-0.229823
-0.210869
-0.14776
-0.122215
-0.0631914
-0.0590507
-0.150986
-0.14957
-0.16493
-0.096298
-0.064004
-0.0658579
-0.0160629
-0.0196244
0.0417095
0.00997851
0.0407495
0.0490075
-0.00702009
0.0100145
-0.0344318
-0.0238876
-0.0301457
-0.0127228
-0.00635139
0.00593689
-0.0155659
0.0235271
0.000694817
0.0262456
-0.0312861
0.0136779
0.0129521
0.00658083
0.000418458
-0.0372165
-0.096673
-0.112152
-0.106008
-0.161809
-0.155511
-0.114679
-0.102876
-0.0984928
-0.0770775
-0.0817996
-0.0747273
-0.0855396
-0.0791233
-0.0229132
-0.0489039
-0.0303274
-0.00884762
-0.0093942
0.0214958
0.0693932
0.0388027
0.0378789
0.0126261
-0.0208488
0.0243499
0.022311
-0.0944079
-0.0990804
-0.122549
-0.111455
-0.152845
-0.209221
-0.171411
-0.204815
-0.19437
-0.207855
-0.171049
-0.101215
-0.110159
-0.126992
-0.0897062
-0.117412
-0.129994
-0.16856
-0.132578
-0.108641
-0.10237
-0.156365
-0.151871
-0.137633
-0.103341
-0.140729
-0.144712
-0.10962
-0.0896246
-0.120469
-0.156876
-0.185887
-0.160923
-0.181032
-0.18651
-0.246451
-0.193851
-0.222889
-0.265356
-0.295506
-0.219757
-0.186453
-0.177172
-0.173142
-0.216618
-0.191192
-0.174385
-0.134908
-0.0909045
-0.153033
-0.139982
-0.193201
-0.206389
-0.191874
-0.255227
-0.300691
-0.28217
-0.266611
-0.27914
-0.230647
-0.195657
-0.210842
-0.14852
-0.162955
-0.156743
-0.181914
-0.198825
-0.191539
-0.16312
-0.141955
-0.0848849
-0.127871
-0.13685
-0.16529
-0.190494
-0.172029
-0.17223
-0.15037
-0.170891
-0.167557
-0.15027
-0.149437
-0.183332
-0.215501
-0.214326
-0.247003
-0.196411
-0.165028
-0.151328
-0.159551
-0.184087
-0.164274
-0.111854
-0.120881
-0.130245
-0.105929
-0.0948243
-0.0535141
-0.085225
-0.105924
-0.0767846
-0.097608
-0.0810522
-0.0917578
-0.0445137
-0.0485289
-0.039635
-0.0588771
-0.0380941
-0.0167387
-0.022041
-0.070506
-0.0302085
-0.0113111
-0.0298906
-0.0665983
-0.0170888
0.00294182
-0.00453331
0.0321642
0.0209683
0.0505706
-0.00899046
0.00249833
0.0149051
-0.045995
-0.0717489
-0.0656691
-0.055662
-0.0380367
0.00461721
-0.0189724
-0.0303958
-0.038306
0.013602
0.0378979
0.00395674
-0.00790922
-0.0236696
-0.0416381
-0.0370012
-0.0207074
-0.0662203
-0.0748059
-0.121943
-0.12057
-0.0960095
-0.0855701
-0.0526576
-0.00496112
0.0360211
0.00437926
0.00995574
0.0145712
-0.0202373
-0.0291517
-0.00213693
0.0149355
0.00733212
0.0662378
0.0511866
-0.0239389
-0.0478255
0.000911334
-0.0884348
-0.113341
-0.0595788
-0.079233
-0.128442
-0.101482
-0.0568585
-0.119898
-0.122005
-0.131293
-0.162394
-0.197344
-0.214406
-0.258203
-0.251021
-0.172783
-0.162229
-0.175044
-0.16296
-0.0797482
-0.0517655
-0.0229803
-0.00782758
0.030356
0.00486536
0.0436778
-0.0231069
0.0248196
0.072928
0.0699165
0.0603007
0.0517503
0.0135145
-0.0112823
0.0325241
0.0278865
0.00267851
0.0247755
-0.0338184
-0.0556682
-0.0535007
-0.0490462
-0.0792955
-0.0412983
-0.0354414
-0.0506166
-0.0747564
-0.0946473
-0.0894685
-0.0898543
-0.0872583
-0.129407
-0.138581
-0.113806
-0.0769836
-0.105564
-0.0888327
-0.0716773
-0.102802
-0.192223
-0.143868
-0.146985
-0.174242
-0.14761
-0.136636
-0.131265
-0.160856
-0.156329
-0.12425
-0.100382
-0.100471
-0.0493598
-0.0390696
-0.0515638
-0.08669
-0.095494
-0.0802161
-0.0638725
-0.0376351
-0.065345
-0.0629686
-0.0844083
-0.0515302
-0.0283429
0.0121547
0.0077406
-0.0294484
-0.038774
-0.0747761
-0.111826
-0.154192
-0.118574
-0.161923
-0.214259
-0.215425
-0.241413
-0.266169
-0.228726
-0.222842
-0.193542
-0.188738
-0.144515
-0.166009
-0.144215
-0.103869
-0.10899
-0.0965629
-0.0774684
-0.0985446
-0.100885
-0.111318
-0.0980558
-0.137492
-0.0896381
-0.0806175
-0.059564
-0.0478871
-0.0473526
-0.040263
-0.0134275
0.0215197
0.00496097
-0.0203204
-0.025972
-0.00034244
0.0035938
0.0328288
0.00568809
-0.0185678
-0.0361143
-0.0985649
-0.0658923
-0.0485424
0.00393818
0.0132285
-0.00289033
0.0435982
0.0760247
0.116572
0.086805
0.0532716
0.0514747
0.0635484
0.0780477
0.119341
0.0735226
0.0245629
0.081852
0.099114
0.0474331
0.062629
0.0756868
0.062189
0.0794703
0.0447338
0.0392152
0.0186694
-0.0284502
-0.029067
-0.00361095
-0.012468
-0.00139583
-0.00224899
-0.036471
-0.028492
-0.0548522
-0.0543169
-0.0672765
-0.101945
-0.117202
-0.137471
-0.158033
-0.132591
-0.104044
-0.0125195
-0.0453166
-0.100957
-0.096093
-0.0696765
-0.029223
-0.0416607
-0.0576212
-0.0289542
-0.0207285
-0.0379501
-0.0531986
-0.0665412
-0.0559078
-0.063557
-0.0695233
-0.0795119
-0.0440184
-0.0418659
-0.0359479
-0.0343543
-0.0166924
0.0134862
-0.0279396
0.0244565
0.00219085
-0.0789882
-0.0970046
-0.0679949
-0.14924
-0.178271
-0.112127
-0.126406
-0.0656618
-0.0427591
-0.0833067
-0.0542979
-0.0757181
-0.10059
-0.106057
-0.0515546
-0.0553227
-0.0474637
-0.0557624
0.0070964
0.0475655
0.0487512
0.0928069
0.0764854
0.143856
0.121796
0.0944266
0.124215
0.140978
0.123036
0.158623
0.14574
0.162115
0.150333
0.134763
0.183167
0.129302
0.0918435
0.109104
0.0939982
0.0917567
0.10674
0.0879845
0.138988
0.142945
0.144026
0.109034
0.133237
0.106574
0.120702
0.098539
0.104114
0.125163
0.0990662
0.116328
0.102489
0.0802349
0.0528724
0.0658648
0.100656
0.155919
0.145909
0.118218
0.112421
0.0639299
0.0521531
0.0755068
0.143637
0.0783128
0.0666448
0.0527851
0.0759852
0.0991231
0.111973
0.116416
0.0746326
0.0459814
0.0711267
0.0926264
0.0758222
0.00614884
0.00067377
-0.0147847
-0.0424324
-0.00433382
0.0066135
0.0194496
-0.0235558
-0.0380092
-0.064297
-0.0749799
-0.0775857
-0.103203
-0.0876063
-0.0298156
-0.00948514
-0.0478789
-0.0520737
0.0101661
0.062412
0.0654646
0.121737
0.201783
0.178416
0.150899
0.191689
0.15539
0.145844
0.176564
0.161639
0.140488
0.13795
0.10106
0.119859
0.0881947
0.134014
0.140202
0.133463
0.187712
0.197358
0.254454
0.268286
0.299052
0.332115
0.294965
0.281197
0.315756
0.282192
0.240237
0.23915
0.244523
0.194948
0.235299
0.198503
0.237038
0.248776
0.232892
0.224098
0.244754
0.264339
0.265164
0.262806
0.227651
0.190839
0.209713
0.234631
0.222562
0.198065
0.227561
0.23675
0.27504
0.259762
0.242921
0.248866
0.194728
0.22456
0.203819
0.188743
0.177253
0.183413
0.165525
0.14406
0.12692
0.0927973
0.110571
0.117499
0.137318
0.174501
0.15675
0.133376
0.133216
0.119513
0.111867
0.121779
0.142128
0.125174
0.0836409
0.0897944
0.0802615
0.0983262
0.141249
0.10891
0.0490704
0.0780603
0.04692
0.0102833
0.0270958
0.0336624
0.0136492
0.0454617
0.0326119
0.0277197
0.0304747
-0.0134271
0.0575051
0.085012
0.0705363
0.056966
0.0521568
0.0743903
0.0923225
0.0749896
0.0840301
0.123956
0.149703
0.188855
0.147501
0.148677
0.138472
0.0850632
0.165146
0.178455
0.153562
0.19355
0.198273
0.192499
0.161251
0.151052
0.170962
0.223799
0.218544
0.199592
0.211077
0.182264
0.142406
0.184653
0.15579
0.154888
0.148049
0.115062
0.129925
0.0799606
0.0679473
0.0571214
0.031082
0.0381311
0.0586793
0.0515307
0.0640002
0.106081
0.108718
0.1524
0.116596
0.166147
0.174765
0.132307
0.099447
0.128174
0.0993417
0.0765403
0.0165904
0.0194961
0.0371715
0.067199
0.0491647
0.0346038
0.0191308
0.0271693
0.0167304
0.00192477
-0.00896231
0.0224713
0.0428351
0.0118827
-0.00900597
-0.0263947
-0.0562947
-0.0724405
-0.054844
-0.0487041
-0.0577711
-0.0105673
-0.0218297
-0.0485369
-0.00427343
-0.029728
-0.0139661
-0.0020905
0.0561505
0.0269625
0.0117473
0.0846203
0.060977
0.0888149
0.0934479
0.0672721
0.0428485
0.029613
0.0603024
0.087048
0.0931137
0.0805163
0.0799179
