0
0.00373717
0.00380252
0.0105886
0.0106789
0.0149752
0.0219597
0.0262258
0.0283539
0.0342297
0.0390955
0.0512486
0.0567157
0.0646311
0.071623
0.0751373
0.0778488
0.0792233
0.0881666
0.0885684
0.0823795
0.0834165
0.0854037
0.0817171
0.0858795
0.0864441
0.0903521
0.0935983
0.0949579
0.0986122
0.105793
0.111127
0.112173
0.12138
0.128298
0.130867
0.137253
0.145666
0.149634
0.152333
0.160474
0.159237
0.162494
0.164452
0.168466
0.178544
0.182205
0.184355
0.186843
0.188217
0.185832
0.185762
0.192467
0.20032
0.198929
0.198884
0.208483
0.212702
0.215692
0.22467
0.220675
0.226413
0.229925
0.235438
0.234434
0.242216
0.247852
0.24591
0.248989
0.256063
0.258715
0.260605
0.260097
0.263057
0.262343
0.26864
0.271774
0.275577
0.278752
0.282243
0.289986
0.292775
0.301193
0.308732
0.313778
0.317602
0.321137
0.324919
0.32118
0.32824
0.330662
0.337466
0.344481
0.344901
0.348298
0.35913
0.361862
0.367993
0.360323
0.368619
0.370783
0.372068
0.373663
0.374615
0.383849
0.390447
0.395418
0.393801
0.399028
0.404206
0.406754
0.406303
0.405613
0.406004
0.41255
0.41414
0.421747
0.42341
0.425144
0.426448
0.428415
0.43596
0.441017
0.446629
0.454596
0.451242
0.457582
0.460767
0.459777
0.468977
0.474589
0.478059
0.480358
0.47613
0.481185
0.493413
0.499268
0.494661
0.493527
0.488249
0.487247
0.489493
0.491313
0.498593
0.504831
0.515355
0.516215
0.514898
0.518886
0.522811
0.517483
0.519648
0.526946
0.53563
0.53683
0.543535
0.549303
0.552902
0.557087
0.559758
0.561558
0.558607
0.562107
0.570219
0.576147
0.575591
0.572788
0.572923
0.574339
0.575049
0.574488
0.585605
0.578698
0.582242
0.583802
0.57951
0.585246
0.587767
0.588458
0.591981
0.600921
0.602737
0.604399
0.603309
0.606918
0.60754
0.604055
0.607492
0.611409
0.621418
0.62169
0.625032
0.622026
0.623482
0.621168
0.627019
0.631354
0.630922
0.636444
0.641732
0.647234
0.649169
0.651729
0.656564
0.65444
0.651854
0.651838
0.653033
0.654246
0.658147
0.661057
0.662837
0.665324
0.667278
0.6698
0.669297
0.671748
0.671331
0.675676
0.676957
0.676176
0.681522
0.676974
0.68231
0.688518
0.690099
0.694548
0.690817
0.692046
0.687943
0.687843
0.690665
0.687266
0.691128
0.696119
0.695458
0.689232
0.687552
0.691904
0.687965
0.69455
0.701615
0.703989
0.710474
0.707176
0.703633
0.706261
0.709467
0.709721
0.709204
0.706072
0.707618
0.703902
0.706446
0.70706
0.710913
0.705504
0.70935
0.711229
0.715684
0.718606
0.72192
0.728974
0.728443
0.72956
0.736268
0.742409
0.742457
0.740434
0.741125
0.741396
0.742067
0.744453
0.74611
0.748505
0.750138
0.755121
0.758555
0.765025
0.762362
0.764697
0.770745
0.782227
0.786421
0.795904
0.800862
0.809827
0.81219
0.803017
0.805059
0.805083
0.815183
0.820904
0.822517
0.830322
0.83171
0.840881
0.838867
0.844354
0.847129
0.842183
0.846011
0.842452
0.845496
0.846517
0.850375
0.8529
0.856127
0.855293
0.86173
0.860723
0.865521
0.86034
0.867465
0.869093
0.87004
0.871007
0.868195
0.862766
0.862621
0.865069
0.860078
0.862545
0.86915
0.872258
0.87447
0.878719
0.879823
0.882339
0.882703
0.885131
0.893529
0.892047
0.895914
0.900121
0.901676
0.907
0.914353
0.912275
0.913757
0.912316
0.909889
0.916905
0.918238
0.905807
0.906839
0.905611
0.908532
0.905147
0.899968
0.906098
0.90367
0.906506
0.906464
0.912455
0.922398
0.92287
0.922392
0.928408
0.926613
0.926634
0.923536
0.929386
0.933779
0.936044
0.931071
0.933123
0.93634
0.941956
0.938959
0.939974
0.945675
0.949553
0.947322
0.944426
0.94242
0.946893
0.945948
0.946758
0.94103
0.948814
0.946787
0.94315
0.940996
0.95155
0.956993
0.959543
0.961457
0.957665
0.962146
0.965584
0.971735
0.978417
0.972351
0.975315
0.97032
0.970136
0.973274
0.967061
0.963003
0.966628
0.969891
0.969775
0.976981
0.982554
0.982095
0.990935
0.99055
0.992641
0.99096
0.990273
0.992488
0.997234
1.0011
1.00927
1.00541
1.00565
1.00354
1.00182
1.00535
1.00663
1.01055
1.00938
1.01107
1.01443
1.01581
1.01302
1.01044
1.01186
1.00922
1.01657
1.02161
1.02451
1.02477
1.02308
1.02671
1.03424
1.03439
1.0345
1.03864
1.04119
1.04736
1.04476
1.04348
1.04818
1.04688
1.05006
1.04997
1.05683
1.05752
1.05976
1.05862
1.06229
1.06601
1.06653
1.06187
1.06786
1.07128
1.07019
1.06693
1.07401
1.07755
1.07778
1.08331
1.08308
1.08774
1.0817
1.08419
1.08679
1.08058
1.0786
1.08044
1.08275
1.08597
1.09218
1.09044
1.09015
1.09029
1.0976
1.10159
1.09858
1.09822
1.0974
1.09631
1.09793
1.10095
1.09654
1.09658
1.09198
1.09321
1.09722
1.09953
1.10453
1.1113
1.11725
1.11447
1.11616
1.11773
1.11457
1.11452
1.11878
1.12184
1.12193
1.13
1.12918
1.12115
1.11929
1.12614
1.11641
1.11442
1.12188
1.12051
1.1156
1.11984
1.12618
1.1196
1.12034
1.12021
1.11746
1.11426
1.11321
1.10895
1.11081
1.12119
1.12344
1.12287
1.1253
1.13625
1.14056
1.14495
1.1477
1.15321
1.15107
1.15665
1.14955
1.15622
1.1629
1.16343
1.16318
1.16304
1.15935
1.15727
1.16343
1.16376
1.16162
1.16517
1.15902
1.15729
1.15844
1.15987
1.15713
1.16258
1.16416
1.16322
1.1612
1.15969
1.1612
1.16203
1.16321
1.15903
1.15881
1.16266
1.16795
1.16538
1.16825
1.17117
1.16829
1.15841
1.16509
1.16557
1.16316
1.16721
1.16938
1.17088
1.16817
1.16956
1.17426
1.17796
1.17878
1.18574
1.18779
1.1871
1.18369
1.18345
1.1861
1.18887
1.19283
1.1903
1.19138
1.18961
1.19435
1.19793
1.20357
1.20381
1.20012
1.19978
1.19624
1.19258
1.18828
1.19335
1.18893
1.18344
1.1841
1.18177
1.1796
1.1849
1.18639
1.1907
1.19206
1.19814
1.19633
1.19971
1.20532
1.20545
1.2077
1.21073
1.20895
1.20941
1.2089
1.21123
1.20724
1.21372
1.21553
1.21879
1.22091
1.22169
1.22326
1.22719
1.23209
1.2308
1.22846
1.22848
1.23225
1.23342
1.23762
1.23504
1.23282
1.2314
1.22459
1.22921
1.23199
1.23897
1.24076
1.23949
1.24574
1.2503
1.25581
1.25289
1.24951
1.24994
1.25204
1.25443
1.26003
1.25516
1.24992
1.25744
1.26015
1.25457
1.25703
1.25923
1.25824
1.26094
1.2574
1.25736
1.25552
1.2505
1.25106
1.25475
1.25432
1.25628
1.2568
1.25331
1.2549
1.25236
1.25305
1.25212
1.24859
1.24739
1.24559
1.24376
1.24745
1.25151
1.26311
1.25978
1.25371
1.25491
1.2587
1.26416
1.26327
1.26195
1.26599
1.26757
1.2661
1.26486
1.26385
1.26572
1.26539
1.26527
1.26466
1.26951
1.27035
1.27164
1.2724
1.2751
1.27929
1.27488
1.28174
1.27962
1.27044
1.26885
1.27291
1.26373
1.26083
1.26935
1.26821
1.27607
1.27938
1.27507
1.27911
1.27709
1.27466
1.27457
1.28166
1.28176
1.28325
1.28279
1.29088
1.29626
1.29693
1.30273
1.30128
1.30987
1.30772
1.30494
1.30901
1.31152
1.30986
1.31462
1.31356
1.31601
1.31508
1.31369
1.31998
1.31399
1.30998
1.31254
1.31121
1.31142
1.3137
1.31193
1.31853
1.31948
1.32008
1.31635
1.31972
1.31699
1.31916
1.31696
1.3181
1.32109
1.31842
1.32096
1.31976
1.31755
1.31473
1.31676
1.3214
1.32849
1.32773
1.32485
1.32461
1.31924
1.31828
1.32154
1.33017
1.32277
1.32182
1.32061
1.32385
1.32707
1.32905
1.33002
1.32544
1.32245
1.32591
1.32893
1.32735
1.31943
1.31922
1.31781
1.31494
1.31997
1.32173
1.32371
1.31899
1.3177
1.315
1.31416
1.3143
1.31168
1.31401
1.32139
1.32427
1.3201
1.32003
1.32794
1.33463
1.33542
1.34258
1.35259
1.35017
1.34725
1.35254
1.34857
1.34781
1.35189
1.35048
1.34832
1.34841
1.34437
1.34701
1.3436
1.34949
1.35062
1.35019
1.35708
1.35861
1.36583
1.36784
1.37189
1.3762
1.37208
1.37077
1.37526
1.37157
1.36688
1.3671
1.36809
1.36249
1.36769
1.36362
1.36859
1.37035
1.36878
1.36807
1.37089
1.37358
1.37402
1.37407
1.37018
1.3661
1.36871
1.37204
1.37093
1.36832
1.3722
1.37364
1.37856
1.37705
1.37536
1.3764
1.37022
1.37414
1.37198
1.3705
1.36945
1.37052
1.36871
1.36647
1.36475
1.36099
1.36347
1.36464
1.36736
1.37215
1.37035
1.36787
1.36818
1.36687
1.36628
1.36781
1.37058
1.36887
1.36421
1.36529
1.36447
1.36698
1.37246
1.36889
1.36204
1.36585
1.36245
1.35838
1.36074
1.36187
1.3598
1.36395
1.36274
1.36249
1.36315
1.35821
1.36706
1.37068
1.36926
1.36795
1.3677
1.37068
1.37315
1.37138
1.37278
1.37788
1.38127
1.38627
1.38159
1.38203
1.3811
1.37499
1.3849
1.38679
1.38408
1.38917
1.39002
1.3896
1.38613
1.38519
1.38787
1.39449
1.39413
1.39213
1.39378
1.39059
1.38608
1.39143
1.38824
1.38841
1.38787
1.38419
1.38626
1.38054
1.37939
1.37838
1.37554
1.37668
1.37944
1.37887
1.38066
1.386
1.38659
1.39211
1.38808
1.39429
1.39559
1.39076
1.38708
1.3908
1.38761
1.38514
1.37822
1.37886
1.38126
1.38515
1.38326
1.38179
1.38021
1.38145
1.38048
1.37898
1.37796
1.38201
1.38473
1.38129
1.37906
1.37725
1.37394
1.37229
1.3747
1.37572
1.37491
1.38086
1.37978
1.37686
1.38245
1.37966
1.38183
1.38353
1.39078
1.38754
1.38597
1.39498
1.39239
1.39599
1.39679
1.39389
1.39121
1.38987
1.39381
1.39727
1.39824
1.39697
1.39714
